{
  "cells": [
    {
      "cell_type": "code",
      "execution_count": 10,
      "metadata": {
        "id": "NJaVlzDV8l1O",
        "colab": {
          "base_uri": "https://localhost:8080/",
          "height": 1000
        },
        "outputId": "82293863-3ba8-4aab-d6d7-9235e10b6a03"
      },
      "outputs": [
        {
          "output_type": "stream",
          "name": "stdout",
          "text": [
            "   squareMeters  numberOfRooms  hasYard  hasPool  floors  cityCode  \\\n",
            "0         75523              3        0        1      63      9373   \n",
            "1         80771             39        1        1      98     39381   \n",
            "2         55712             58        0        1      19     34457   \n",
            "3         32316             47        0        0       6     27939   \n",
            "4         70429             19        1        1      90     38045   \n",
            "\n",
            "   cityPartRange  numPrevOwners  made  isNewBuilt  hasStormProtector  \\\n",
            "0              3              8  2005           0                  1   \n",
            "1              8              6  2015           1                  0   \n",
            "2              6              8  2021           0                  0   \n",
            "3             10              4  2012           0                  1   \n",
            "4              3              7  1990           1                  0   \n",
            "\n",
            "   basement  attic  garage  hasStorageRoom  hasGuestRoom      price  \n",
            "0      4313   9005     956               0             7  7559081.5  \n",
            "1      3653   2436     128               1             2  8085989.5  \n",
            "2      2937   8852     135               1             9  5574642.1  \n",
            "3       659   7141     359               0             3  3232561.2  \n",
            "4      8435   2429     292               1             4  7055052.0  \n",
            "(10000, 17)\n",
            "<class 'pandas.core.frame.DataFrame'>\n",
            "RangeIndex: 10000 entries, 0 to 9999\n",
            "Data columns (total 17 columns):\n",
            " #   Column             Non-Null Count  Dtype  \n",
            "---  ------             --------------  -----  \n",
            " 0   squareMeters       10000 non-null  int64  \n",
            " 1   numberOfRooms      10000 non-null  int64  \n",
            " 2   hasYard            10000 non-null  int64  \n",
            " 3   hasPool            10000 non-null  int64  \n",
            " 4   floors             10000 non-null  int64  \n",
            " 5   cityCode           10000 non-null  int64  \n",
            " 6   cityPartRange      10000 non-null  int64  \n",
            " 7   numPrevOwners      10000 non-null  int64  \n",
            " 8   made               10000 non-null  int64  \n",
            " 9   isNewBuilt         10000 non-null  int64  \n",
            " 10  hasStormProtector  10000 non-null  int64  \n",
            " 11  basement           10000 non-null  int64  \n",
            " 12  attic              10000 non-null  int64  \n",
            " 13  garage             10000 non-null  int64  \n",
            " 14  hasStorageRoom     10000 non-null  int64  \n",
            " 15  hasGuestRoom       10000 non-null  int64  \n",
            " 16  price              10000 non-null  float64\n",
            "dtypes: float64(1), int64(16)\n",
            "memory usage: 1.3 MB\n",
            "None\n",
            "       squareMeters  numberOfRooms       hasYard       hasPool        floors  \\\n",
            "count   10000.00000   10000.000000  10000.000000  10000.000000  10000.000000   \n",
            "mean    49870.13120      50.358400      0.508700      0.496800     50.276300   \n",
            "std     28774.37535      28.816696      0.499949      0.500015     28.889171   \n",
            "min        89.00000       1.000000      0.000000      0.000000      1.000000   \n",
            "25%     25098.50000      25.000000      0.000000      0.000000     25.000000   \n",
            "50%     50105.50000      50.000000      1.000000      0.000000     50.000000   \n",
            "75%     74609.75000      75.000000      1.000000      1.000000     76.000000   \n",
            "max     99999.00000     100.000000      1.000000      1.000000    100.000000   \n",
            "\n",
            "           cityCode  cityPartRange  numPrevOwners         made    isNewBuilt  \\\n",
            "count  10000.000000   10000.000000   10000.000000  10000.00000  10000.000000   \n",
            "mean   50225.486100       5.510100       5.521700   2005.48850      0.499100   \n",
            "std    29006.675799       2.872024       2.856667      9.30809      0.500024   \n",
            "min        3.000000       1.000000       1.000000   1990.00000      0.000000   \n",
            "25%    24693.750000       3.000000       3.000000   1997.00000      0.000000   \n",
            "50%    50693.000000       5.000000       5.000000   2005.50000      0.000000   \n",
            "75%    75683.250000       8.000000       8.000000   2014.00000      1.000000   \n",
            "max    99953.000000      10.000000      10.000000   2021.00000      1.000000   \n",
            "\n",
            "       hasStormProtector      basement        attic       garage  \\\n",
            "count       10000.000000  10000.000000  10000.00000  10000.00000   \n",
            "mean            0.499900   5033.103900   5028.01060    553.12120   \n",
            "std             0.500025   2876.729545   2894.33221    262.05017   \n",
            "min             0.000000      0.000000      1.00000    100.00000   \n",
            "25%             0.000000   2559.750000   2512.00000    327.75000   \n",
            "50%             0.000000   5092.500000   5045.00000    554.00000   \n",
            "75%             1.000000   7511.250000   7540.50000    777.25000   \n",
            "max             1.000000  10000.000000  10000.00000   1000.00000   \n",
            "\n",
            "       hasStorageRoom  hasGuestRoom         price  \n",
            "count    10000.000000   10000.00000  1.000000e+04  \n",
            "mean         0.503000       4.99460  4.993448e+06  \n",
            "std          0.500016       3.17641  2.877424e+06  \n",
            "min          0.000000       0.00000  1.031350e+04  \n",
            "25%          0.000000       2.00000  2.516402e+06  \n",
            "50%          1.000000       5.00000  5.016180e+06  \n",
            "75%          1.000000       8.00000  7.469092e+06  \n",
            "max          1.000000      10.00000  1.000677e+07  \n"
          ]
        },
        {
          "output_type": "display_data",
          "data": {
            "text/html": [
              "<html>\n",
              "<head><meta charset=\"utf-8\" /></head>\n",
              "<body>\n",
              "    <div>            <script src=\"https://cdnjs.cloudflare.com/ajax/libs/mathjax/2.7.5/MathJax.js?config=TeX-AMS-MML_SVG\"></script><script type=\"text/javascript\">if (window.MathJax && window.MathJax.Hub && window.MathJax.Hub.Config) {window.MathJax.Hub.Config({SVG: {font: \"STIX-Web\"}});}</script>                <script type=\"text/javascript\">window.PlotlyConfig = {MathJaxConfig: 'local'};</script>\n",
              "        <script src=\"https://cdn.plot.ly/plotly-2.18.2.min.js\"></script>                <div id=\"449b9fa4-5544-4184-880c-96e0cf0d7e9d\" class=\"plotly-graph-div\" style=\"height:525px; width:100%;\"></div>            <script type=\"text/javascript\">                                    window.PLOTLYENV=window.PLOTLYENV || {};                                    if (document.getElementById(\"449b9fa4-5544-4184-880c-96e0cf0d7e9d\")) {                    Plotly.newPlot(                        \"449b9fa4-5544-4184-880c-96e0cf0d7e9d\",                        [{\"colorscale\":[[0.0,\"#0d0887\"],[0.1111111111111111,\"#46039f\"],[0.2222222222222222,\"#7201a8\"],[0.3333333333333333,\"#9c179e\"],[0.4444444444444444,\"#bd3786\"],[0.5555555555555556,\"#d8576b\"],[0.6666666666666666,\"#ed7953\"],[0.7777777777777778,\"#fb9f3a\"],[0.8888888888888888,\"#fdca26\"],[1.0,\"#f0f921\"]],\"reversescale\":false,\"showscale\":false,\"x\":[\"squareMeters\",\"numberOfRooms\",\"hasYard\",\"hasPool\",\"floors\",\"cityCode\",\"cityPartRange\",\"numPrevOwners\",\"made\",\"isNewBuilt\",\"hasStormProtector\",\"basement\",\"attic\",\"garage\",\"hasStorageRoom\",\"hasGuestRoom\",\"price\"],\"y\":[\"squareMeters\",\"numberOfRooms\",\"hasYard\",\"hasPool\",\"floors\",\"cityCode\",\"cityPartRange\",\"numPrevOwners\",\"made\",\"isNewBuilt\",\"hasStormProtector\",\"basement\",\"attic\",\"garage\",\"hasStorageRoom\",\"hasGuestRoom\",\"price\"],\"z\":[[1.0,0.009572775995901004,-0.006649854763975877,-0.005594335371078089,0.0011093138686635682,-0.0015405537093945304,0.008758220102625197,0.01661866613782353,-0.007207148016891038,-0.010667123254475663,0.007480037007334281,-0.003960283793622904,-0.0005880378662948525,-0.017245902335792585,-0.00348628971107554,-0.0006229537976217538,0.9999993570640747],[0.009572775995901004,1.0,-0.011240059747858694,0.01701542440084688,0.022244249522228525,0.009039650186939335,0.00834014538362061,0.016765862155596317,0.003978431615561881,-0.0028649759410849934,-0.0016563559867502076,-0.01399001573959512,0.012060636381707922,0.02318778028909307,-0.004759731135519987,-0.015528791275483124,0.009590905935479128],[-0.006649854763975877,-0.011240059747858694,1.0,0.015514026373510393,-0.0008831252946265904,0.006759903523044906,0.005023344009205848,0.004279421716524152,0.002213585203694801,-0.008369960697862154,-0.007597670374338595,-0.008558074518577772,-0.003084919738599174,-0.004625652370709627,-0.009506010212581201,-0.007275727925788596,-0.006119244882540527],[-0.005594335371078089,0.01701542440084688,0.015514026373510393,1.0,-0.004006339825673884,0.008071980224204172,0.014612550378060191,-0.006848015604559259,0.0018937981026839685,0.00018848416553360014,-0.0010013005268703751,-0.007267735207825753,-0.011900624156641497,0.004832146941298541,0.0012384476554696113,0.0011225538999759478,-0.005070340833862516],[0.0011093138686635682,0.022244249522228525,-0.0008831252946265904,-0.004006339825673884,1.0,0.002207354418314652,-0.0049208087108288875,0.0024631365146139833,0.005021745813934669,0.0024577030780381236,-0.008565739591207362,0.006227834076853899,-0.0002704207145682359,0.011303118860475227,0.0036155174416686335,-0.021155412761658277,0.0016542562406504863],[-0.0015405537093945304,0.009039650186939335,0.006759903523044906,0.008071980224204172,0.002207354418314652,1.0,0.011333584838526938,-0.00754928286841983,0.009266340237460648,-0.00022395397543476377,-0.004941496007201515,0.00265244098167546,-0.0020193914581087646,-0.002208117008963058,0.0025542541344365744,-0.003338362730345057,-0.0015393673485808055],[0.008758220102625197,0.00834014538362061,0.005023344009205848,0.014612550378060191,-0.0049208087108288875,0.011333584838526938,1.0,0.00923751405492385,0.00774834145137844,-0.001873973723271634,0.005223761904807655,0.004742864282503607,0.010695795390789641,-0.0016479197161214326,-0.011337931835666176,-0.007152684986041981,0.008812911660535341],[0.01661866613782353,0.016765862155596317,0.004279421716524152,-0.006848015604559259,0.0024631365146139833,-0.00754928286841983,0.00923751405492385,1.0,0.00685848173650381,-0.017420130684380537,0.002522065368814833,-0.0008617589907455426,0.0007185488076578172,0.020267552060335554,0.03170686880354965,-0.006082066942438657,0.01661882606794339],[-0.007207148016891038,0.003978431615561881,0.002213585203694801,0.0018937981026839685,0.005021745813934669,0.009266340237460648,0.00774834145137844,0.00685848173650381,1.0,-0.0016782720289165063,-0.0006448799401820028,-0.0055056424744969225,0.013772640577886205,0.005686929304324815,-0.007867992608064476,-0.005431119728495182,-0.00720952625469072],[-0.010667123254475663,-0.0028649759410849934,-0.008369960697862154,0.00018848416553360014,0.0024577030780381236,-0.00022395397543476377,-0.001873973723271634,-0.017420130684380537,-0.0016782720289165063,1.0,0.0031996452474223405,-0.015986447892812602,0.02012651690828375,0.0027493031240889846,0.00701093755553544,0.01989464341372872,-0.010642774359518868],[0.007480037007334281,-0.0016563559867502076,-0.007597670374338595,-0.0010013005268703751,-0.008565739591207362,-0.004941496007201515,0.005223761904807655,0.002522065368814833,-0.0006448799401820028,0.0031996452474223405,1.0,-0.00500116491715459,-0.003752831541253839,0.003758339500462276,0.0014012252503055366,-0.006548940867041125,0.007495911334280768],[-0.003960283793622904,-0.01399001573959512,-0.008558074518577772,-0.007267735207825753,0.006227834076853899,0.00265244098167546,0.004742864282503607,-0.0008617589907455426,-0.0055056424744969225,-0.015986447892812602,-0.00500116491715459,1.0,-0.0031796050291829645,0.00011744585601918037,-0.01081521171077769,-0.02073171144108716,-0.003967482178851141],[-0.0005880378662948525,0.012060636381707922,-0.003084919738599174,-0.011900624156641497,-0.0002704207145682359,-0.0020193914581087646,0.010695795390789641,0.0007185488076578172,0.013772640577886205,0.02012651690828375,-0.003752831541253839,-0.0031796050291829645,1.0,-0.0006106633838191802,-0.0007893423386265428,-0.011994609783615218,-0.0005995140774963353],[-0.017245902335792585,0.02318778028909307,-0.004625652370709627,0.004832146941298541,0.011303118860475227,-0.002208117008963058,-0.0016479197161214326,0.020267552060335554,0.005686929304324815,0.0027493031240889846,0.003758339500462276,0.00011744585601918037,-0.0006106633838191802,1.0,0.03286263237598484,-0.017316139857821485,-0.017229051207338152],[-0.00348628971107554,-0.004759731135519987,-0.009506010212581201,0.0012384476554696113,0.0036155174416686335,0.0025542541344365744,-0.011337931835666176,0.03170686880354965,-0.007867992608064476,0.00701093755553544,0.0014012252503055366,-0.01081521171077769,-0.0007893423386265428,0.03286263237598484,1.0,0.015185596853235313,-0.0034852993013792834],[-0.0006229537976217538,-0.015528791275483124,-0.007275727925788596,0.0011225538999759478,-0.021155412761658277,-0.003338362730345057,-0.007152684986041981,-0.006082066942438657,-0.005431119728495182,0.01989464341372872,-0.006548940867041125,-0.02073171144108716,-0.011994609783615218,-0.017316139857821485,0.015185596853235313,1.0,-0.0006439241048174548],[0.9999993570640747,0.009590905935479128,-0.006119244882540527,-0.005070340833862516,0.0016542562406504863,-0.0015393673485808055,0.008812911660535341,0.01661882606794339,-0.00720952625469072,-0.010642774359518868,0.007495911334280768,-0.003967482178851141,-0.0005995140774963353,-0.017229051207338152,-0.0034852993013792834,-0.0006439241048174548,1.0]],\"type\":\"heatmap\"}],                        {\"annotations\":[{\"font\":{\"color\":\"#000000\"},\"showarrow\":false,\"text\":\"1.0\",\"x\":\"squareMeters\",\"xref\":\"x\",\"y\":\"squareMeters\",\"yref\":\"y\"},{\"font\":{\"color\":\"#FFFFFF\"},\"showarrow\":false,\"text\":\"0.01\",\"x\":\"numberOfRooms\",\"xref\":\"x\",\"y\":\"squareMeters\",\"yref\":\"y\"},{\"font\":{\"color\":\"#FFFFFF\"},\"showarrow\":false,\"text\":\"-0.01\",\"x\":\"hasYard\",\"xref\":\"x\",\"y\":\"squareMeters\",\"yref\":\"y\"},{\"font\":{\"color\":\"#FFFFFF\"},\"showarrow\":false,\"text\":\"-0.01\",\"x\":\"hasPool\",\"xref\":\"x\",\"y\":\"squareMeters\",\"yref\":\"y\"},{\"font\":{\"color\":\"#FFFFFF\"},\"showarrow\":false,\"text\":\"0.0\",\"x\":\"floors\",\"xref\":\"x\",\"y\":\"squareMeters\",\"yref\":\"y\"},{\"font\":{\"color\":\"#FFFFFF\"},\"showarrow\":false,\"text\":\"-0.0\",\"x\":\"cityCode\",\"xref\":\"x\",\"y\":\"squareMeters\",\"yref\":\"y\"},{\"font\":{\"color\":\"#FFFFFF\"},\"showarrow\":false,\"text\":\"0.01\",\"x\":\"cityPartRange\",\"xref\":\"x\",\"y\":\"squareMeters\",\"yref\":\"y\"},{\"font\":{\"color\":\"#FFFFFF\"},\"showarrow\":false,\"text\":\"0.02\",\"x\":\"numPrevOwners\",\"xref\":\"x\",\"y\":\"squareMeters\",\"yref\":\"y\"},{\"font\":{\"color\":\"#FFFFFF\"},\"showarrow\":false,\"text\":\"-0.01\",\"x\":\"made\",\"xref\":\"x\",\"y\":\"squareMeters\",\"yref\":\"y\"},{\"font\":{\"color\":\"#FFFFFF\"},\"showarrow\":false,\"text\":\"-0.01\",\"x\":\"isNewBuilt\",\"xref\":\"x\",\"y\":\"squareMeters\",\"yref\":\"y\"},{\"font\":{\"color\":\"#FFFFFF\"},\"showarrow\":false,\"text\":\"0.01\",\"x\":\"hasStormProtector\",\"xref\":\"x\",\"y\":\"squareMeters\",\"yref\":\"y\"},{\"font\":{\"color\":\"#FFFFFF\"},\"showarrow\":false,\"text\":\"-0.0\",\"x\":\"basement\",\"xref\":\"x\",\"y\":\"squareMeters\",\"yref\":\"y\"},{\"font\":{\"color\":\"#FFFFFF\"},\"showarrow\":false,\"text\":\"-0.0\",\"x\":\"attic\",\"xref\":\"x\",\"y\":\"squareMeters\",\"yref\":\"y\"},{\"font\":{\"color\":\"#FFFFFF\"},\"showarrow\":false,\"text\":\"-0.02\",\"x\":\"garage\",\"xref\":\"x\",\"y\":\"squareMeters\",\"yref\":\"y\"},{\"font\":{\"color\":\"#FFFFFF\"},\"showarrow\":false,\"text\":\"-0.0\",\"x\":\"hasStorageRoom\",\"xref\":\"x\",\"y\":\"squareMeters\",\"yref\":\"y\"},{\"font\":{\"color\":\"#FFFFFF\"},\"showarrow\":false,\"text\":\"-0.0\",\"x\":\"hasGuestRoom\",\"xref\":\"x\",\"y\":\"squareMeters\",\"yref\":\"y\"},{\"font\":{\"color\":\"#000000\"},\"showarrow\":false,\"text\":\"1.0\",\"x\":\"price\",\"xref\":\"x\",\"y\":\"squareMeters\",\"yref\":\"y\"},{\"font\":{\"color\":\"#FFFFFF\"},\"showarrow\":false,\"text\":\"0.01\",\"x\":\"squareMeters\",\"xref\":\"x\",\"y\":\"numberOfRooms\",\"yref\":\"y\"},{\"font\":{\"color\":\"#000000\"},\"showarrow\":false,\"text\":\"1.0\",\"x\":\"numberOfRooms\",\"xref\":\"x\",\"y\":\"numberOfRooms\",\"yref\":\"y\"},{\"font\":{\"color\":\"#FFFFFF\"},\"showarrow\":false,\"text\":\"-0.01\",\"x\":\"hasYard\",\"xref\":\"x\",\"y\":\"numberOfRooms\",\"yref\":\"y\"},{\"font\":{\"color\":\"#FFFFFF\"},\"showarrow\":false,\"text\":\"0.02\",\"x\":\"hasPool\",\"xref\":\"x\",\"y\":\"numberOfRooms\",\"yref\":\"y\"},{\"font\":{\"color\":\"#FFFFFF\"},\"showarrow\":false,\"text\":\"0.02\",\"x\":\"floors\",\"xref\":\"x\",\"y\":\"numberOfRooms\",\"yref\":\"y\"},{\"font\":{\"color\":\"#FFFFFF\"},\"showarrow\":false,\"text\":\"0.01\",\"x\":\"cityCode\",\"xref\":\"x\",\"y\":\"numberOfRooms\",\"yref\":\"y\"},{\"font\":{\"color\":\"#FFFFFF\"},\"showarrow\":false,\"text\":\"0.01\",\"x\":\"cityPartRange\",\"xref\":\"x\",\"y\":\"numberOfRooms\",\"yref\":\"y\"},{\"font\":{\"color\":\"#FFFFFF\"},\"showarrow\":false,\"text\":\"0.02\",\"x\":\"numPrevOwners\",\"xref\":\"x\",\"y\":\"numberOfRooms\",\"yref\":\"y\"},{\"font\":{\"color\":\"#FFFFFF\"},\"showarrow\":false,\"text\":\"0.0\",\"x\":\"made\",\"xref\":\"x\",\"y\":\"numberOfRooms\",\"yref\":\"y\"},{\"font\":{\"color\":\"#FFFFFF\"},\"showarrow\":false,\"text\":\"-0.0\",\"x\":\"isNewBuilt\",\"xref\":\"x\",\"y\":\"numberOfRooms\",\"yref\":\"y\"},{\"font\":{\"color\":\"#FFFFFF\"},\"showarrow\":false,\"text\":\"-0.0\",\"x\":\"hasStormProtector\",\"xref\":\"x\",\"y\":\"numberOfRooms\",\"yref\":\"y\"},{\"font\":{\"color\":\"#FFFFFF\"},\"showarrow\":false,\"text\":\"-0.01\",\"x\":\"basement\",\"xref\":\"x\",\"y\":\"numberOfRooms\",\"yref\":\"y\"},{\"font\":{\"color\":\"#FFFFFF\"},\"showarrow\":false,\"text\":\"0.01\",\"x\":\"attic\",\"xref\":\"x\",\"y\":\"numberOfRooms\",\"yref\":\"y\"},{\"font\":{\"color\":\"#FFFFFF\"},\"showarrow\":false,\"text\":\"0.02\",\"x\":\"garage\",\"xref\":\"x\",\"y\":\"numberOfRooms\",\"yref\":\"y\"},{\"font\":{\"color\":\"#FFFFFF\"},\"showarrow\":false,\"text\":\"-0.0\",\"x\":\"hasStorageRoom\",\"xref\":\"x\",\"y\":\"numberOfRooms\",\"yref\":\"y\"},{\"font\":{\"color\":\"#FFFFFF\"},\"showarrow\":false,\"text\":\"-0.02\",\"x\":\"hasGuestRoom\",\"xref\":\"x\",\"y\":\"numberOfRooms\",\"yref\":\"y\"},{\"font\":{\"color\":\"#FFFFFF\"},\"showarrow\":false,\"text\":\"0.01\",\"x\":\"price\",\"xref\":\"x\",\"y\":\"numberOfRooms\",\"yref\":\"y\"},{\"font\":{\"color\":\"#FFFFFF\"},\"showarrow\":false,\"text\":\"-0.01\",\"x\":\"squareMeters\",\"xref\":\"x\",\"y\":\"hasYard\",\"yref\":\"y\"},{\"font\":{\"color\":\"#FFFFFF\"},\"showarrow\":false,\"text\":\"-0.01\",\"x\":\"numberOfRooms\",\"xref\":\"x\",\"y\":\"hasYard\",\"yref\":\"y\"},{\"font\":{\"color\":\"#000000\"},\"showarrow\":false,\"text\":\"1.0\",\"x\":\"hasYard\",\"xref\":\"x\",\"y\":\"hasYard\",\"yref\":\"y\"},{\"font\":{\"color\":\"#FFFFFF\"},\"showarrow\":false,\"text\":\"0.02\",\"x\":\"hasPool\",\"xref\":\"x\",\"y\":\"hasYard\",\"yref\":\"y\"},{\"font\":{\"color\":\"#FFFFFF\"},\"showarrow\":false,\"text\":\"-0.0\",\"x\":\"floors\",\"xref\":\"x\",\"y\":\"hasYard\",\"yref\":\"y\"},{\"font\":{\"color\":\"#FFFFFF\"},\"showarrow\":false,\"text\":\"0.01\",\"x\":\"cityCode\",\"xref\":\"x\",\"y\":\"hasYard\",\"yref\":\"y\"},{\"font\":{\"color\":\"#FFFFFF\"},\"showarrow\":false,\"text\":\"0.01\",\"x\":\"cityPartRange\",\"xref\":\"x\",\"y\":\"hasYard\",\"yref\":\"y\"},{\"font\":{\"color\":\"#FFFFFF\"},\"showarrow\":false,\"text\":\"0.0\",\"x\":\"numPrevOwners\",\"xref\":\"x\",\"y\":\"hasYard\",\"yref\":\"y\"},{\"font\":{\"color\":\"#FFFFFF\"},\"showarrow\":false,\"text\":\"0.0\",\"x\":\"made\",\"xref\":\"x\",\"y\":\"hasYard\",\"yref\":\"y\"},{\"font\":{\"color\":\"#FFFFFF\"},\"showarrow\":false,\"text\":\"-0.01\",\"x\":\"isNewBuilt\",\"xref\":\"x\",\"y\":\"hasYard\",\"yref\":\"y\"},{\"font\":{\"color\":\"#FFFFFF\"},\"showarrow\":false,\"text\":\"-0.01\",\"x\":\"hasStormProtector\",\"xref\":\"x\",\"y\":\"hasYard\",\"yref\":\"y\"},{\"font\":{\"color\":\"#FFFFFF\"},\"showarrow\":false,\"text\":\"-0.01\",\"x\":\"basement\",\"xref\":\"x\",\"y\":\"hasYard\",\"yref\":\"y\"},{\"font\":{\"color\":\"#FFFFFF\"},\"showarrow\":false,\"text\":\"-0.0\",\"x\":\"attic\",\"xref\":\"x\",\"y\":\"hasYard\",\"yref\":\"y\"},{\"font\":{\"color\":\"#FFFFFF\"},\"showarrow\":false,\"text\":\"-0.0\",\"x\":\"garage\",\"xref\":\"x\",\"y\":\"hasYard\",\"yref\":\"y\"},{\"font\":{\"color\":\"#FFFFFF\"},\"showarrow\":false,\"text\":\"-0.01\",\"x\":\"hasStorageRoom\",\"xref\":\"x\",\"y\":\"hasYard\",\"yref\":\"y\"},{\"font\":{\"color\":\"#FFFFFF\"},\"showarrow\":false,\"text\":\"-0.01\",\"x\":\"hasGuestRoom\",\"xref\":\"x\",\"y\":\"hasYard\",\"yref\":\"y\"},{\"font\":{\"color\":\"#FFFFFF\"},\"showarrow\":false,\"text\":\"-0.01\",\"x\":\"price\",\"xref\":\"x\",\"y\":\"hasYard\",\"yref\":\"y\"},{\"font\":{\"color\":\"#FFFFFF\"},\"showarrow\":false,\"text\":\"-0.01\",\"x\":\"squareMeters\",\"xref\":\"x\",\"y\":\"hasPool\",\"yref\":\"y\"},{\"font\":{\"color\":\"#FFFFFF\"},\"showarrow\":false,\"text\":\"0.02\",\"x\":\"numberOfRooms\",\"xref\":\"x\",\"y\":\"hasPool\",\"yref\":\"y\"},{\"font\":{\"color\":\"#FFFFFF\"},\"showarrow\":false,\"text\":\"0.02\",\"x\":\"hasYard\",\"xref\":\"x\",\"y\":\"hasPool\",\"yref\":\"y\"},{\"font\":{\"color\":\"#000000\"},\"showarrow\":false,\"text\":\"1.0\",\"x\":\"hasPool\",\"xref\":\"x\",\"y\":\"hasPool\",\"yref\":\"y\"},{\"font\":{\"color\":\"#FFFFFF\"},\"showarrow\":false,\"text\":\"-0.0\",\"x\":\"floors\",\"xref\":\"x\",\"y\":\"hasPool\",\"yref\":\"y\"},{\"font\":{\"color\":\"#FFFFFF\"},\"showarrow\":false,\"text\":\"0.01\",\"x\":\"cityCode\",\"xref\":\"x\",\"y\":\"hasPool\",\"yref\":\"y\"},{\"font\":{\"color\":\"#FFFFFF\"},\"showarrow\":false,\"text\":\"0.01\",\"x\":\"cityPartRange\",\"xref\":\"x\",\"y\":\"hasPool\",\"yref\":\"y\"},{\"font\":{\"color\":\"#FFFFFF\"},\"showarrow\":false,\"text\":\"-0.01\",\"x\":\"numPrevOwners\",\"xref\":\"x\",\"y\":\"hasPool\",\"yref\":\"y\"},{\"font\":{\"color\":\"#FFFFFF\"},\"showarrow\":false,\"text\":\"0.0\",\"x\":\"made\",\"xref\":\"x\",\"y\":\"hasPool\",\"yref\":\"y\"},{\"font\":{\"color\":\"#FFFFFF\"},\"showarrow\":false,\"text\":\"0.0\",\"x\":\"isNewBuilt\",\"xref\":\"x\",\"y\":\"hasPool\",\"yref\":\"y\"},{\"font\":{\"color\":\"#FFFFFF\"},\"showarrow\":false,\"text\":\"-0.0\",\"x\":\"hasStormProtector\",\"xref\":\"x\",\"y\":\"hasPool\",\"yref\":\"y\"},{\"font\":{\"color\":\"#FFFFFF\"},\"showarrow\":false,\"text\":\"-0.01\",\"x\":\"basement\",\"xref\":\"x\",\"y\":\"hasPool\",\"yref\":\"y\"},{\"font\":{\"color\":\"#FFFFFF\"},\"showarrow\":false,\"text\":\"-0.01\",\"x\":\"attic\",\"xref\":\"x\",\"y\":\"hasPool\",\"yref\":\"y\"},{\"font\":{\"color\":\"#FFFFFF\"},\"showarrow\":false,\"text\":\"0.0\",\"x\":\"garage\",\"xref\":\"x\",\"y\":\"hasPool\",\"yref\":\"y\"},{\"font\":{\"color\":\"#FFFFFF\"},\"showarrow\":false,\"text\":\"0.0\",\"x\":\"hasStorageRoom\",\"xref\":\"x\",\"y\":\"hasPool\",\"yref\":\"y\"},{\"font\":{\"color\":\"#FFFFFF\"},\"showarrow\":false,\"text\":\"0.0\",\"x\":\"hasGuestRoom\",\"xref\":\"x\",\"y\":\"hasPool\",\"yref\":\"y\"},{\"font\":{\"color\":\"#FFFFFF\"},\"showarrow\":false,\"text\":\"-0.01\",\"x\":\"price\",\"xref\":\"x\",\"y\":\"hasPool\",\"yref\":\"y\"},{\"font\":{\"color\":\"#FFFFFF\"},\"showarrow\":false,\"text\":\"0.0\",\"x\":\"squareMeters\",\"xref\":\"x\",\"y\":\"floors\",\"yref\":\"y\"},{\"font\":{\"color\":\"#FFFFFF\"},\"showarrow\":false,\"text\":\"0.02\",\"x\":\"numberOfRooms\",\"xref\":\"x\",\"y\":\"floors\",\"yref\":\"y\"},{\"font\":{\"color\":\"#FFFFFF\"},\"showarrow\":false,\"text\":\"-0.0\",\"x\":\"hasYard\",\"xref\":\"x\",\"y\":\"floors\",\"yref\":\"y\"},{\"font\":{\"color\":\"#FFFFFF\"},\"showarrow\":false,\"text\":\"-0.0\",\"x\":\"hasPool\",\"xref\":\"x\",\"y\":\"floors\",\"yref\":\"y\"},{\"font\":{\"color\":\"#000000\"},\"showarrow\":false,\"text\":\"1.0\",\"x\":\"floors\",\"xref\":\"x\",\"y\":\"floors\",\"yref\":\"y\"},{\"font\":{\"color\":\"#FFFFFF\"},\"showarrow\":false,\"text\":\"0.0\",\"x\":\"cityCode\",\"xref\":\"x\",\"y\":\"floors\",\"yref\":\"y\"},{\"font\":{\"color\":\"#FFFFFF\"},\"showarrow\":false,\"text\":\"-0.0\",\"x\":\"cityPartRange\",\"xref\":\"x\",\"y\":\"floors\",\"yref\":\"y\"},{\"font\":{\"color\":\"#FFFFFF\"},\"showarrow\":false,\"text\":\"0.0\",\"x\":\"numPrevOwners\",\"xref\":\"x\",\"y\":\"floors\",\"yref\":\"y\"},{\"font\":{\"color\":\"#FFFFFF\"},\"showarrow\":false,\"text\":\"0.01\",\"x\":\"made\",\"xref\":\"x\",\"y\":\"floors\",\"yref\":\"y\"},{\"font\":{\"color\":\"#FFFFFF\"},\"showarrow\":false,\"text\":\"0.0\",\"x\":\"isNewBuilt\",\"xref\":\"x\",\"y\":\"floors\",\"yref\":\"y\"},{\"font\":{\"color\":\"#FFFFFF\"},\"showarrow\":false,\"text\":\"-0.01\",\"x\":\"hasStormProtector\",\"xref\":\"x\",\"y\":\"floors\",\"yref\":\"y\"},{\"font\":{\"color\":\"#FFFFFF\"},\"showarrow\":false,\"text\":\"0.01\",\"x\":\"basement\",\"xref\":\"x\",\"y\":\"floors\",\"yref\":\"y\"},{\"font\":{\"color\":\"#FFFFFF\"},\"showarrow\":false,\"text\":\"-0.0\",\"x\":\"attic\",\"xref\":\"x\",\"y\":\"floors\",\"yref\":\"y\"},{\"font\":{\"color\":\"#FFFFFF\"},\"showarrow\":false,\"text\":\"0.01\",\"x\":\"garage\",\"xref\":\"x\",\"y\":\"floors\",\"yref\":\"y\"},{\"font\":{\"color\":\"#FFFFFF\"},\"showarrow\":false,\"text\":\"0.0\",\"x\":\"hasStorageRoom\",\"xref\":\"x\",\"y\":\"floors\",\"yref\":\"y\"},{\"font\":{\"color\":\"#FFFFFF\"},\"showarrow\":false,\"text\":\"-0.02\",\"x\":\"hasGuestRoom\",\"xref\":\"x\",\"y\":\"floors\",\"yref\":\"y\"},{\"font\":{\"color\":\"#FFFFFF\"},\"showarrow\":false,\"text\":\"0.0\",\"x\":\"price\",\"xref\":\"x\",\"y\":\"floors\",\"yref\":\"y\"},{\"font\":{\"color\":\"#FFFFFF\"},\"showarrow\":false,\"text\":\"-0.0\",\"x\":\"squareMeters\",\"xref\":\"x\",\"y\":\"cityCode\",\"yref\":\"y\"},{\"font\":{\"color\":\"#FFFFFF\"},\"showarrow\":false,\"text\":\"0.01\",\"x\":\"numberOfRooms\",\"xref\":\"x\",\"y\":\"cityCode\",\"yref\":\"y\"},{\"font\":{\"color\":\"#FFFFFF\"},\"showarrow\":false,\"text\":\"0.01\",\"x\":\"hasYard\",\"xref\":\"x\",\"y\":\"cityCode\",\"yref\":\"y\"},{\"font\":{\"color\":\"#FFFFFF\"},\"showarrow\":false,\"text\":\"0.01\",\"x\":\"hasPool\",\"xref\":\"x\",\"y\":\"cityCode\",\"yref\":\"y\"},{\"font\":{\"color\":\"#FFFFFF\"},\"showarrow\":false,\"text\":\"0.0\",\"x\":\"floors\",\"xref\":\"x\",\"y\":\"cityCode\",\"yref\":\"y\"},{\"font\":{\"color\":\"#000000\"},\"showarrow\":false,\"text\":\"1.0\",\"x\":\"cityCode\",\"xref\":\"x\",\"y\":\"cityCode\",\"yref\":\"y\"},{\"font\":{\"color\":\"#FFFFFF\"},\"showarrow\":false,\"text\":\"0.01\",\"x\":\"cityPartRange\",\"xref\":\"x\",\"y\":\"cityCode\",\"yref\":\"y\"},{\"font\":{\"color\":\"#FFFFFF\"},\"showarrow\":false,\"text\":\"-0.01\",\"x\":\"numPrevOwners\",\"xref\":\"x\",\"y\":\"cityCode\",\"yref\":\"y\"},{\"font\":{\"color\":\"#FFFFFF\"},\"showarrow\":false,\"text\":\"0.01\",\"x\":\"made\",\"xref\":\"x\",\"y\":\"cityCode\",\"yref\":\"y\"},{\"font\":{\"color\":\"#FFFFFF\"},\"showarrow\":false,\"text\":\"-0.0\",\"x\":\"isNewBuilt\",\"xref\":\"x\",\"y\":\"cityCode\",\"yref\":\"y\"},{\"font\":{\"color\":\"#FFFFFF\"},\"showarrow\":false,\"text\":\"-0.0\",\"x\":\"hasStormProtector\",\"xref\":\"x\",\"y\":\"cityCode\",\"yref\":\"y\"},{\"font\":{\"color\":\"#FFFFFF\"},\"showarrow\":false,\"text\":\"0.0\",\"x\":\"basement\",\"xref\":\"x\",\"y\":\"cityCode\",\"yref\":\"y\"},{\"font\":{\"color\":\"#FFFFFF\"},\"showarrow\":false,\"text\":\"-0.0\",\"x\":\"attic\",\"xref\":\"x\",\"y\":\"cityCode\",\"yref\":\"y\"},{\"font\":{\"color\":\"#FFFFFF\"},\"showarrow\":false,\"text\":\"-0.0\",\"x\":\"garage\",\"xref\":\"x\",\"y\":\"cityCode\",\"yref\":\"y\"},{\"font\":{\"color\":\"#FFFFFF\"},\"showarrow\":false,\"text\":\"0.0\",\"x\":\"hasStorageRoom\",\"xref\":\"x\",\"y\":\"cityCode\",\"yref\":\"y\"},{\"font\":{\"color\":\"#FFFFFF\"},\"showarrow\":false,\"text\":\"-0.0\",\"x\":\"hasGuestRoom\",\"xref\":\"x\",\"y\":\"cityCode\",\"yref\":\"y\"},{\"font\":{\"color\":\"#FFFFFF\"},\"showarrow\":false,\"text\":\"-0.0\",\"x\":\"price\",\"xref\":\"x\",\"y\":\"cityCode\",\"yref\":\"y\"},{\"font\":{\"color\":\"#FFFFFF\"},\"showarrow\":false,\"text\":\"0.01\",\"x\":\"squareMeters\",\"xref\":\"x\",\"y\":\"cityPartRange\",\"yref\":\"y\"},{\"font\":{\"color\":\"#FFFFFF\"},\"showarrow\":false,\"text\":\"0.01\",\"x\":\"numberOfRooms\",\"xref\":\"x\",\"y\":\"cityPartRange\",\"yref\":\"y\"},{\"font\":{\"color\":\"#FFFFFF\"},\"showarrow\":false,\"text\":\"0.01\",\"x\":\"hasYard\",\"xref\":\"x\",\"y\":\"cityPartRange\",\"yref\":\"y\"},{\"font\":{\"color\":\"#FFFFFF\"},\"showarrow\":false,\"text\":\"0.01\",\"x\":\"hasPool\",\"xref\":\"x\",\"y\":\"cityPartRange\",\"yref\":\"y\"},{\"font\":{\"color\":\"#FFFFFF\"},\"showarrow\":false,\"text\":\"-0.0\",\"x\":\"floors\",\"xref\":\"x\",\"y\":\"cityPartRange\",\"yref\":\"y\"},{\"font\":{\"color\":\"#FFFFFF\"},\"showarrow\":false,\"text\":\"0.01\",\"x\":\"cityCode\",\"xref\":\"x\",\"y\":\"cityPartRange\",\"yref\":\"y\"},{\"font\":{\"color\":\"#000000\"},\"showarrow\":false,\"text\":\"1.0\",\"x\":\"cityPartRange\",\"xref\":\"x\",\"y\":\"cityPartRange\",\"yref\":\"y\"},{\"font\":{\"color\":\"#FFFFFF\"},\"showarrow\":false,\"text\":\"0.01\",\"x\":\"numPrevOwners\",\"xref\":\"x\",\"y\":\"cityPartRange\",\"yref\":\"y\"},{\"font\":{\"color\":\"#FFFFFF\"},\"showarrow\":false,\"text\":\"0.01\",\"x\":\"made\",\"xref\":\"x\",\"y\":\"cityPartRange\",\"yref\":\"y\"},{\"font\":{\"color\":\"#FFFFFF\"},\"showarrow\":false,\"text\":\"-0.0\",\"x\":\"isNewBuilt\",\"xref\":\"x\",\"y\":\"cityPartRange\",\"yref\":\"y\"},{\"font\":{\"color\":\"#FFFFFF\"},\"showarrow\":false,\"text\":\"0.01\",\"x\":\"hasStormProtector\",\"xref\":\"x\",\"y\":\"cityPartRange\",\"yref\":\"y\"},{\"font\":{\"color\":\"#FFFFFF\"},\"showarrow\":false,\"text\":\"0.0\",\"x\":\"basement\",\"xref\":\"x\",\"y\":\"cityPartRange\",\"yref\":\"y\"},{\"font\":{\"color\":\"#FFFFFF\"},\"showarrow\":false,\"text\":\"0.01\",\"x\":\"attic\",\"xref\":\"x\",\"y\":\"cityPartRange\",\"yref\":\"y\"},{\"font\":{\"color\":\"#FFFFFF\"},\"showarrow\":false,\"text\":\"-0.0\",\"x\":\"garage\",\"xref\":\"x\",\"y\":\"cityPartRange\",\"yref\":\"y\"},{\"font\":{\"color\":\"#FFFFFF\"},\"showarrow\":false,\"text\":\"-0.01\",\"x\":\"hasStorageRoom\",\"xref\":\"x\",\"y\":\"cityPartRange\",\"yref\":\"y\"},{\"font\":{\"color\":\"#FFFFFF\"},\"showarrow\":false,\"text\":\"-0.01\",\"x\":\"hasGuestRoom\",\"xref\":\"x\",\"y\":\"cityPartRange\",\"yref\":\"y\"},{\"font\":{\"color\":\"#FFFFFF\"},\"showarrow\":false,\"text\":\"0.01\",\"x\":\"price\",\"xref\":\"x\",\"y\":\"cityPartRange\",\"yref\":\"y\"},{\"font\":{\"color\":\"#FFFFFF\"},\"showarrow\":false,\"text\":\"0.02\",\"x\":\"squareMeters\",\"xref\":\"x\",\"y\":\"numPrevOwners\",\"yref\":\"y\"},{\"font\":{\"color\":\"#FFFFFF\"},\"showarrow\":false,\"text\":\"0.02\",\"x\":\"numberOfRooms\",\"xref\":\"x\",\"y\":\"numPrevOwners\",\"yref\":\"y\"},{\"font\":{\"color\":\"#FFFFFF\"},\"showarrow\":false,\"text\":\"0.0\",\"x\":\"hasYard\",\"xref\":\"x\",\"y\":\"numPrevOwners\",\"yref\":\"y\"},{\"font\":{\"color\":\"#FFFFFF\"},\"showarrow\":false,\"text\":\"-0.01\",\"x\":\"hasPool\",\"xref\":\"x\",\"y\":\"numPrevOwners\",\"yref\":\"y\"},{\"font\":{\"color\":\"#FFFFFF\"},\"showarrow\":false,\"text\":\"0.0\",\"x\":\"floors\",\"xref\":\"x\",\"y\":\"numPrevOwners\",\"yref\":\"y\"},{\"font\":{\"color\":\"#FFFFFF\"},\"showarrow\":false,\"text\":\"-0.01\",\"x\":\"cityCode\",\"xref\":\"x\",\"y\":\"numPrevOwners\",\"yref\":\"y\"},{\"font\":{\"color\":\"#FFFFFF\"},\"showarrow\":false,\"text\":\"0.01\",\"x\":\"cityPartRange\",\"xref\":\"x\",\"y\":\"numPrevOwners\",\"yref\":\"y\"},{\"font\":{\"color\":\"#000000\"},\"showarrow\":false,\"text\":\"1.0\",\"x\":\"numPrevOwners\",\"xref\":\"x\",\"y\":\"numPrevOwners\",\"yref\":\"y\"},{\"font\":{\"color\":\"#FFFFFF\"},\"showarrow\":false,\"text\":\"0.01\",\"x\":\"made\",\"xref\":\"x\",\"y\":\"numPrevOwners\",\"yref\":\"y\"},{\"font\":{\"color\":\"#FFFFFF\"},\"showarrow\":false,\"text\":\"-0.02\",\"x\":\"isNewBuilt\",\"xref\":\"x\",\"y\":\"numPrevOwners\",\"yref\":\"y\"},{\"font\":{\"color\":\"#FFFFFF\"},\"showarrow\":false,\"text\":\"0.0\",\"x\":\"hasStormProtector\",\"xref\":\"x\",\"y\":\"numPrevOwners\",\"yref\":\"y\"},{\"font\":{\"color\":\"#FFFFFF\"},\"showarrow\":false,\"text\":\"-0.0\",\"x\":\"basement\",\"xref\":\"x\",\"y\":\"numPrevOwners\",\"yref\":\"y\"},{\"font\":{\"color\":\"#FFFFFF\"},\"showarrow\":false,\"text\":\"0.0\",\"x\":\"attic\",\"xref\":\"x\",\"y\":\"numPrevOwners\",\"yref\":\"y\"},{\"font\":{\"color\":\"#FFFFFF\"},\"showarrow\":false,\"text\":\"0.02\",\"x\":\"garage\",\"xref\":\"x\",\"y\":\"numPrevOwners\",\"yref\":\"y\"},{\"font\":{\"color\":\"#FFFFFF\"},\"showarrow\":false,\"text\":\"0.03\",\"x\":\"hasStorageRoom\",\"xref\":\"x\",\"y\":\"numPrevOwners\",\"yref\":\"y\"},{\"font\":{\"color\":\"#FFFFFF\"},\"showarrow\":false,\"text\":\"-0.01\",\"x\":\"hasGuestRoom\",\"xref\":\"x\",\"y\":\"numPrevOwners\",\"yref\":\"y\"},{\"font\":{\"color\":\"#FFFFFF\"},\"showarrow\":false,\"text\":\"0.02\",\"x\":\"price\",\"xref\":\"x\",\"y\":\"numPrevOwners\",\"yref\":\"y\"},{\"font\":{\"color\":\"#FFFFFF\"},\"showarrow\":false,\"text\":\"-0.01\",\"x\":\"squareMeters\",\"xref\":\"x\",\"y\":\"made\",\"yref\":\"y\"},{\"font\":{\"color\":\"#FFFFFF\"},\"showarrow\":false,\"text\":\"0.0\",\"x\":\"numberOfRooms\",\"xref\":\"x\",\"y\":\"made\",\"yref\":\"y\"},{\"font\":{\"color\":\"#FFFFFF\"},\"showarrow\":false,\"text\":\"0.0\",\"x\":\"hasYard\",\"xref\":\"x\",\"y\":\"made\",\"yref\":\"y\"},{\"font\":{\"color\":\"#FFFFFF\"},\"showarrow\":false,\"text\":\"0.0\",\"x\":\"hasPool\",\"xref\":\"x\",\"y\":\"made\",\"yref\":\"y\"},{\"font\":{\"color\":\"#FFFFFF\"},\"showarrow\":false,\"text\":\"0.01\",\"x\":\"floors\",\"xref\":\"x\",\"y\":\"made\",\"yref\":\"y\"},{\"font\":{\"color\":\"#FFFFFF\"},\"showarrow\":false,\"text\":\"0.01\",\"x\":\"cityCode\",\"xref\":\"x\",\"y\":\"made\",\"yref\":\"y\"},{\"font\":{\"color\":\"#FFFFFF\"},\"showarrow\":false,\"text\":\"0.01\",\"x\":\"cityPartRange\",\"xref\":\"x\",\"y\":\"made\",\"yref\":\"y\"},{\"font\":{\"color\":\"#FFFFFF\"},\"showarrow\":false,\"text\":\"0.01\",\"x\":\"numPrevOwners\",\"xref\":\"x\",\"y\":\"made\",\"yref\":\"y\"},{\"font\":{\"color\":\"#000000\"},\"showarrow\":false,\"text\":\"1.0\",\"x\":\"made\",\"xref\":\"x\",\"y\":\"made\",\"yref\":\"y\"},{\"font\":{\"color\":\"#FFFFFF\"},\"showarrow\":false,\"text\":\"-0.0\",\"x\":\"isNewBuilt\",\"xref\":\"x\",\"y\":\"made\",\"yref\":\"y\"},{\"font\":{\"color\":\"#FFFFFF\"},\"showarrow\":false,\"text\":\"-0.0\",\"x\":\"hasStormProtector\",\"xref\":\"x\",\"y\":\"made\",\"yref\":\"y\"},{\"font\":{\"color\":\"#FFFFFF\"},\"showarrow\":false,\"text\":\"-0.01\",\"x\":\"basement\",\"xref\":\"x\",\"y\":\"made\",\"yref\":\"y\"},{\"font\":{\"color\":\"#FFFFFF\"},\"showarrow\":false,\"text\":\"0.01\",\"x\":\"attic\",\"xref\":\"x\",\"y\":\"made\",\"yref\":\"y\"},{\"font\":{\"color\":\"#FFFFFF\"},\"showarrow\":false,\"text\":\"0.01\",\"x\":\"garage\",\"xref\":\"x\",\"y\":\"made\",\"yref\":\"y\"},{\"font\":{\"color\":\"#FFFFFF\"},\"showarrow\":false,\"text\":\"-0.01\",\"x\":\"hasStorageRoom\",\"xref\":\"x\",\"y\":\"made\",\"yref\":\"y\"},{\"font\":{\"color\":\"#FFFFFF\"},\"showarrow\":false,\"text\":\"-0.01\",\"x\":\"hasGuestRoom\",\"xref\":\"x\",\"y\":\"made\",\"yref\":\"y\"},{\"font\":{\"color\":\"#FFFFFF\"},\"showarrow\":false,\"text\":\"-0.01\",\"x\":\"price\",\"xref\":\"x\",\"y\":\"made\",\"yref\":\"y\"},{\"font\":{\"color\":\"#FFFFFF\"},\"showarrow\":false,\"text\":\"-0.01\",\"x\":\"squareMeters\",\"xref\":\"x\",\"y\":\"isNewBuilt\",\"yref\":\"y\"},{\"font\":{\"color\":\"#FFFFFF\"},\"showarrow\":false,\"text\":\"-0.0\",\"x\":\"numberOfRooms\",\"xref\":\"x\",\"y\":\"isNewBuilt\",\"yref\":\"y\"},{\"font\":{\"color\":\"#FFFFFF\"},\"showarrow\":false,\"text\":\"-0.01\",\"x\":\"hasYard\",\"xref\":\"x\",\"y\":\"isNewBuilt\",\"yref\":\"y\"},{\"font\":{\"color\":\"#FFFFFF\"},\"showarrow\":false,\"text\":\"0.0\",\"x\":\"hasPool\",\"xref\":\"x\",\"y\":\"isNewBuilt\",\"yref\":\"y\"},{\"font\":{\"color\":\"#FFFFFF\"},\"showarrow\":false,\"text\":\"0.0\",\"x\":\"floors\",\"xref\":\"x\",\"y\":\"isNewBuilt\",\"yref\":\"y\"},{\"font\":{\"color\":\"#FFFFFF\"},\"showarrow\":false,\"text\":\"-0.0\",\"x\":\"cityCode\",\"xref\":\"x\",\"y\":\"isNewBuilt\",\"yref\":\"y\"},{\"font\":{\"color\":\"#FFFFFF\"},\"showarrow\":false,\"text\":\"-0.0\",\"x\":\"cityPartRange\",\"xref\":\"x\",\"y\":\"isNewBuilt\",\"yref\":\"y\"},{\"font\":{\"color\":\"#FFFFFF\"},\"showarrow\":false,\"text\":\"-0.02\",\"x\":\"numPrevOwners\",\"xref\":\"x\",\"y\":\"isNewBuilt\",\"yref\":\"y\"},{\"font\":{\"color\":\"#FFFFFF\"},\"showarrow\":false,\"text\":\"-0.0\",\"x\":\"made\",\"xref\":\"x\",\"y\":\"isNewBuilt\",\"yref\":\"y\"},{\"font\":{\"color\":\"#000000\"},\"showarrow\":false,\"text\":\"1.0\",\"x\":\"isNewBuilt\",\"xref\":\"x\",\"y\":\"isNewBuilt\",\"yref\":\"y\"},{\"font\":{\"color\":\"#FFFFFF\"},\"showarrow\":false,\"text\":\"0.0\",\"x\":\"hasStormProtector\",\"xref\":\"x\",\"y\":\"isNewBuilt\",\"yref\":\"y\"},{\"font\":{\"color\":\"#FFFFFF\"},\"showarrow\":false,\"text\":\"-0.02\",\"x\":\"basement\",\"xref\":\"x\",\"y\":\"isNewBuilt\",\"yref\":\"y\"},{\"font\":{\"color\":\"#FFFFFF\"},\"showarrow\":false,\"text\":\"0.02\",\"x\":\"attic\",\"xref\":\"x\",\"y\":\"isNewBuilt\",\"yref\":\"y\"},{\"font\":{\"color\":\"#FFFFFF\"},\"showarrow\":false,\"text\":\"0.0\",\"x\":\"garage\",\"xref\":\"x\",\"y\":\"isNewBuilt\",\"yref\":\"y\"},{\"font\":{\"color\":\"#FFFFFF\"},\"showarrow\":false,\"text\":\"0.01\",\"x\":\"hasStorageRoom\",\"xref\":\"x\",\"y\":\"isNewBuilt\",\"yref\":\"y\"},{\"font\":{\"color\":\"#FFFFFF\"},\"showarrow\":false,\"text\":\"0.02\",\"x\":\"hasGuestRoom\",\"xref\":\"x\",\"y\":\"isNewBuilt\",\"yref\":\"y\"},{\"font\":{\"color\":\"#FFFFFF\"},\"showarrow\":false,\"text\":\"-0.01\",\"x\":\"price\",\"xref\":\"x\",\"y\":\"isNewBuilt\",\"yref\":\"y\"},{\"font\":{\"color\":\"#FFFFFF\"},\"showarrow\":false,\"text\":\"0.01\",\"x\":\"squareMeters\",\"xref\":\"x\",\"y\":\"hasStormProtector\",\"yref\":\"y\"},{\"font\":{\"color\":\"#FFFFFF\"},\"showarrow\":false,\"text\":\"-0.0\",\"x\":\"numberOfRooms\",\"xref\":\"x\",\"y\":\"hasStormProtector\",\"yref\":\"y\"},{\"font\":{\"color\":\"#FFFFFF\"},\"showarrow\":false,\"text\":\"-0.01\",\"x\":\"hasYard\",\"xref\":\"x\",\"y\":\"hasStormProtector\",\"yref\":\"y\"},{\"font\":{\"color\":\"#FFFFFF\"},\"showarrow\":false,\"text\":\"-0.0\",\"x\":\"hasPool\",\"xref\":\"x\",\"y\":\"hasStormProtector\",\"yref\":\"y\"},{\"font\":{\"color\":\"#FFFFFF\"},\"showarrow\